0 1 237
0 3 22
0 4 11
0 5 11
0 6 12
0 8 47
0 11 11
0 12 90
0 16 450
0 18 48
0 19 12
0 20 11
0 23 231
0 24 63
0 30 147
0 32 121
0 35 12
0 36 233
0 37 187
0 38 11
0 39 11
0 41 11
0 42 419
0 45 11
1 3 143
1 4 11
1 7 12
1 8 21
1 11 12
1 12 32
1 14 13
1 16 491
1 18 305
1 19 57
1 20 14
1 22 12
1 23 76
1 24 26
1 26 12
1 30 48
1 31 33
1 32 489
1 33 11
1 35 11
1 36 75
1 37 56
1 38 13
1 41 21
1 42 114
1 45 11
1 46 11
2 4 199
2 5 14
2 6 12
2 7 22
2 11 11
2 14 16
2 15 595
2 16 11
2 19 12
2 20 34
2 21 329
2 22 78
2 23 12
2 24 13
2 25 13
2 26 11
2 28 19
2 29 74
2 30 12
2 31 11
2 35 21
2 36 11
2 38 47
2 39 418
2 41 11
2 42 11
2 46 159
3 4 17
3 7 74
3 11 11
3 13 12
3 14 124
3 15 11
3 16 60
3 18 483
3 19 426
3 20 50
3 26 11
3 29 28
3 30 11
3 31 327
3 32 298
3 33 11
3 36 11
3 37 11
3 39 12
3 41 193
3 42 11
4 7 135
4 9 12
4 10 15
4 11 12
4 13 11
4 14 81
4 15 130
4 16 12
4 18 11
4 19 23
4 20 214
4 21 61
4 22 14
4 24 15
4 25 11
4 26 11
4 28 12
4 29 460
4 30 13
4 31 33
4 34 11
4 35 11
4 37 11
4 38 12
4 39 433
4 41 47
4 44 12
4 46 21
5 6 12
5 9 25
5 10 310
5 11 11
5 13 38
5 17 133
5 21 11
5 25 12
5 26 11
5 27 25
5 28 12
5 32 11
5 33 81
5 34 15
5 35 11
5 40 306
5 43 97
5 44 12
5 45 39
6 9 11
6 10 11
6 15 27
6 17 130
6 21 70
6 22 276
6 23 12
6 24 13
6 25 11
6 26 660
6 27 434
6 28 702
6 29 11
6 31 12
6 32 12
6 33 234
6 34 11
6 35 609
6 37 12
6 38 416
6 40 73
6 42 12
6 45 317
6 46 180
7 9 11
7 13 11
7 14 429
7 15 12
7 16 11
7 18 41
7 19 123
7 20 415
7 22 12
7 23 11
7 24 13
7 28 11
7 29 240
7 30 12
7 31 198
7 32 22
7 37 11
7 39 47
7 41 289
7 44 11
8 9 11
8 11 15
8 12 218
8 14 11
8 16 27
8 18 12
8 21 11
8 23 69
8 24 426
8 25 14
8 29 11
8 30 134
8 32 14
8 34 11
8 36 65
8 37 102
8 38 12
8 39 11
8 42 54
8 44 33
8 45 11
9 10 42
9 11 97
9 13 182
9 17 11
9 19 11
9 25 109
9 34 233
9 40 13
9 43 98
9 44 74
10 11 15
10 13 86
10 17 50
10 19 11
10 25 21
10 26 11
10 27 13
10 28 12
10 33 31
10 34 33
10 40 111
10 43 270
10 44 15
10 45 18
10 46 11
11 12 11
11 13 62
11 25 494
11 31 11
11 34 226
11 43 42
11 44 430
12 16 50
12 18 13
12 23 215
12 24 408
12 28 11
12 30 388
12 32 22
12 36 205
12 37 310
12 38 12
12 40 13
12 41 12
12 42 129
13 25 76
13 34 121
13 40 11
13 41 11
13 43 226
13 44 43
14 15 11
14 18 60
14 19 189
14 20 278
14 24 11
14 25 11
14 26 11
14 29 166
14 30 11
14 31 312
14 32 34
14 39 28
14 41 449
15 16 12
15 17 12
15 20 17
15 21 502
15 22 138
15 23 11
15 24 12
15 25 11
15 26 13
15 27 16
15 28 39
15 29 51
15 30 11
15 31 11
15 32 11
15 33 11
15 35 48
15 37 11
15 38 81
15 39 283
15 41 12
15 42 12
15 46 266
16 18 129
16 19 20
16 20 11
16 21 11
16 22 15
16 23 138
16 24 33
16 29 11
16 30 81
16 31 18
16 32 257
16 36 136
16 37 93
16 38 11
16 39 13
16 41 15
16 42 205
16 43 11
16 44 12
16 45 11
16 46 11
17 18 13
17 21 16
17 22 40
17 26 164
17 27 236
17 28 93
17 30 11
17 31 12
17 33 530
17 35 92
17 36 11
17 38 60
17 39 11
17 40 504
17 43 14
17 45 361
17 46 27
18 19 297
18 20 19
18 23 14
18 24 12
18 29 23
18 31 173
18 32 471
18 34 12
18 36 12
18 37 11
18 39 11
18 41 98
18 42 22
18 44 12
19 20 69
19 24 11
19 26 11
19 29 41
19 31 466
19 32 145
19 33 11
19 37 11
19 39 12
19 41 293
20 24 13
20 29 413
20 31 116
20 32 12
20 39 93
20 41 188
21 22 331
21 24 11
21 26 36
21 27 30
21 28 107
21 29 24
21 30 12
21 33 20
21 34 11
21 35 133
21 36 12
21 38 194
21 39 120
21 45 21
21 46 535
22 24 12
22 25 11
22 26 207
22 27 150
22 28 365
22 29 11
22 30 11
22 33 84
22 35 400
22 38 570
22 39 21
22 40 16
22 41 12
22 42 11
22 43 11
22 44 11
22 45 102
22 46 569
23 24 125
23 25 11
23 28 12
23 30 383
23 32 31
23 34 12
23 35 11
23 36 645
23 37 454
23 38 11
23 39 12
23 42 359
23 44 11
23 45 12
24 27 12
24 30 209
24 32 11
24 36 110
24 37 173
24 42 86
24 44 16
25 30 11
25 34 288
25 43 50
25 44 303
26 27 587
26 28 512
26 29 11
26 31 11
26 32 11
26 33 280
26 35 429
26 38 298
26 39 12
26 40 86
26 45 408
26 46 114
27 28 337
27 30 11
27 31 11
27 33 381
27 35 305
27 36 11
27 38 223
27 40 122
27 42 11
27 45 585
27 46 85
28 29 12
28 30 12
28 33 160
28 34 11
28 35 687
28 37 11
28 38 526
28 39 12
28 40 42
28 42 11
28 45 237
28 46 216
29 30 11
29 31 59
29 39 209
29 41 99
30 32 21
30 36 367
30 37 536
30 38 12
30 42 235
30 46 11
31 32 69
31 34 11
31 39 13
31 41 477
31 44 11
32 33 11
32 35 11
32 36 31
32 37 26
32 39 11
32 41 50
32 42 56
32 44 12
33 35 155
33 37 12
33 38 116
33 40 327
33 43 12
33 45 563
33 46 43
34 43 72
34 44 142
35 38 566
35 39 11
35 40 46
35 42 11
35 43 12
35 45 228
35 46 262
36 37 436
36 39 11
36 40 11
36 42 346
36 43 11
36 44 12
37 42 282
38 39 13
38 40 27
38 42 11
38 45 173
38 46 372
39 40 11
39 41 17
39 42 13
39 46 52
40 43 27
40 44 11
40 45 173
41 45 11
42 45 11
42 46 11
43 44 26
43 46 11
44 46 11
45 46 58
