0 1 237
0 2 8
0 3 22
0 4 11
0 5 11
0 6 12
0 7 9
0 8 47
0 9 9
0 10 10
0 11 11
0 12 90
0 13 10
0 14 7
0 15 10
0 16 450
0 17 9
0 18 48
0 19 12
0 20 11
0 21 8
0 22 9
0 23 231
0 24 63
0 25 8
0 26 9
0 27 9
0 28 8
0 29 10
0 30 147
0 31 9
0 32 121
0 33 9
0 34 9
0 35 12
0 36 233
0 37 187
0 38 11
0 39 11
0 40 10
0 41 11
0 42 419
0 43 8
0 44 10
0 45 11
0 46 8
1 2 10
1 3 143
1 4 11
1 5 10
1 6 10
1 7 12
1 8 21
1 9 10
1 10 10
1 11 12
1 12 32
1 13 9
1 14 13
1 15 10
1 16 491
1 17 10
1 18 305
1 19 57
1 20 14
1 21 8
1 22 12
1 23 76
1 24 26
1 25 10
1 26 12
1 27 10
1 28 10
1 29 10
1 30 48
1 31 33
1 32 489
1 33 11
1 34 9
1 35 11
1 36 75
1 37 56
1 38 13
1 39 10
1 40 9
1 41 21
1 42 114
1 43 9
1 44 10
1 45 11
1 46 11
2 3 10
2 4 199
2 5 14
2 6 12
2 7 22
2 8 10
2 9 9
2 10 9
2 11 11
2 12 10
2 13 9
2 14 16
2 15 595
2 16 11
2 17 10
2 18 9
2 19 12
2 20 34
2 21 329
2 22 78
2 23 12
2 24 13
2 25 13
2 26 11
2 27 10
2 28 19
2 29 74
2 30 12
2 31 11
2 32 10
2 33 10
2 34 10
2 35 21
2 36 11
2 37 10
2 38 47
2 39 418
2 40 9
2 41 11
2 42 11
2 43 10
2 44 10
2 45 10
2 46 159
3 4 17
3 5 10
3 6 10
3 7 74
3 8 7
3 9 10
3 10 7
3 11 11
3 12 10
3 13 12
3 14 124
3 15 11
3 16 60
3 17 10
3 18 483
3 19 426
3 20 50
3 21 8
3 22 10
3 23 10
3 24 8
3 25 10
3 26 11
3 27 10
3 28 8
3 29 28
3 30 11
3 31 327
3 32 298
3 33 11
3 34 9
3 35 10
3 36 11
3 37 11
3 38 10
3 39 12
3 40 9
3 41 193
3 42 11
3 43 9
3 44 10
3 45 9
3 46 7
4 5 10
4 6 10
4 7 135
4 8 10
4 9 12
4 10 15
4 11 12
4 12 10
4 13 11
4 14 81
4 15 130
4 16 12
4 17 10
4 18 11
4 19 23
4 20 214
4 21 61
4 22 14
4 23 10
4 24 15
4 25 11
4 26 11
4 27 10
4 28 12
4 29 460
4 30 13
4 31 33
4 32 10
4 33 9
4 34 11
4 35 11
4 36 9
4 37 11
4 38 12
4 39 433
4 40 10
4 41 47
4 42 10
4 43 9
4 44 12
4 45 10
4 46 21
5 6 12
5 7 7
5 8 9
5 9 25
5 10 310
5 11 11
5 12 8
5 13 38
5 14 9
5 15 10
5 16 10
5 17 133
5 18 8
5 19 9
5 20 9
5 21 11
5 22 9
5 23 9
5 24 7
5 25 12
5 26 11
5 27 25
5 28 12
5 29 8
5 30 10
5 31 7
5 32 11
5 33 81
5 34 15
5 35 11
5 36 8
5 37 10
5 38 10
5 39 8
5 40 306
5 41 9
5 42 10
5 43 97
5 44 12
5 45 39
5 46 9
6 7 7
6 8 10
6 9 11
6 10 11
6 11 10
6 12 10
6 13 10
6 14 10
6 15 27
6 16 10
6 17 130
6 18 9
6 19 10
6 20 10
6 21 70
6 22 276
6 23 12
6 24 13
6 25 11
6 26 660
6 27 434
6 28 702
6 29 11
6 30 10
6 31 12
6 32 12
6 33 234
6 34 11
6 35 612
6 36 10
6 37 12
6 38 416
6 39 10
6 40 73
6 41 10
6 42 12
6 43 10
6 44 9
6 45 317
6 46 180
7 8 10
7 9 11
7 10 7
7 11 10
7 12 8
7 13 11
7 14 429
7 15 12
7 16 11
7 17 10
7 18 41
7 19 123
7 20 415
7 21 8
7 22 12
7 23 11
7 24 13
7 25 10
7 26 9
7 27 7
7 28 11
7 29 240
7 30 12
7 31 198
7 32 22
7 33 7
7 34 10
7 35 10
7 36 9
7 37 11
7 38 8
7 39 47
7 40 10
7 41 289
7 42 9
7 43 7
7 44 11
7 45 8
7 46 7
8 9 11
8 10 10
8 11 15
8 12 218
8 13 10
8 14 11
8 15 10
8 16 27
8 17 10
8 18 12
8 19 9
8 20 10
8 21 11
8 22 9
8 23 69
8 24 426
8 25 14
8 26 9
8 27 10
8 28 9
8 29 11
8 30 134
8 31 10
8 32 14
8 33 9
8 34 11
8 35 10
8 36 65
8 37 102
8 38 12
8 39 11
8 40 10
8 41 10
8 42 54
8 43 8
8 44 33
8 45 11
8 46 10
9 10 42
9 11 97
9 12 7
9 13 182
9 14 7
9 15 10
9 16 7
9 17 11
9 19 11
9 20 7
9 21 8
9 23 7
9 24 8
9 25 109
9 26 7
9 27 7
9 28 8
9 30 7
9 31 7
9 32 7
9 33 7
9 34 233
9 35 10
9 36 7
9 37 8
9 38 8
9 39 9
9 40 13
9 41 7
9 42 9
9 43 98
9 44 74
9 45 8
9 46 10
10 11 15
10 12 10
10 13 86
10 14 9
10 15 10
10 16 10
10 17 50
10 18 7
10 19 11
10 20 7
10 21 10
10 22 10
10 23 9
10 24 8
10 25 21
10 26 11
10 27 13
10 28 12
10 29 9
10 30 10
10 31 7
10 32 9
10 33 31
10 34 33
10 35 7
10 36 10
10 37 8
10 38 10
10 39 8
10 40 111
10 41 7
10 42 10
10 43 270
10 44 15
10 45 18
10 46 11
11 12 11
11 13 62
11 14 8
11 15 7
11 16 7
11 17 8
11 18 8
11 19 9
11 20 8
11 21 7
11 22 7
11 23 7
11 24 10
11 25 494
11 26 7
11 27 8
11 28 9
11 29 8
11 30 9
11 31 11
11 32 7
11 33 8
11 34 226
11 35 7
11 36 9
11 37 7
11 38 7
11 39 9
11 40 7
11 41 7
11 42 10
11 43 42
11 44 430
11 45 9
11 46 7
12 13 7
12 14 10
12 15 9
12 16 50
12 17 10
12 18 13
12 19 10
12 20 8
12 21 10
12 22 10
12 23 215
12 24 408
12 25 10
12 26 10
12 27 9
12 28 11
12 29 9
12 30 388
12 31 7
12 32 22
12 33 9
12 34 10
12 35 9
12 36 205
12 37 310
12 38 12
12 39 9
12 40 13
12 41 12
12 42 129
12 43 7
12 44 10
12 45 9
12 46 9
13 14 7
13 15 7
13 16 7
13 17 7
13 18 7
13 19 8
13 20 8
13 21 7
13 22 7
13 23 7
13 24 8
13 25 76
13 26 7
13 28 7
13 29 7
13 30 7
13 31 8
13 32 7
13 33 9
13 34 121
13 36 7
13 38 7
13 39 7
13 40 11
13 41 11
13 42 10
13 43 226
13 44 43
13 45 7
13 46 7
14 15 11
14 16 9
14 17 10
14 18 60
14 19 189
14 20 278
14 21 7
14 22 8
14 23 7
14 24 11
14 25 9
14 26 11
14 27 10
14 28 7
14 29 166
14 30 11
14 31 312
14 32 34
14 33 7
14 34 9
14 35 9
14 36 7
14 38 7
14 39 28
14 40 9
14 41 449
14 42 10
14 43 7
14 44 8
14 45 7
14 46 7
15 16 12
15 17 12
15 18 10
15 19 10
15 20 17
15 21 502
15 22 138
15 23 11
15 24 12
15 25 10
15 26 13
15 27 16
15 28 39
15 29 51
15 30 11
15 31 11
15 32 11
15 33 11
15 34 10
15 35 48
15 36 10
15 37 11
15 38 81
15 39 283
15 40 10
15 41 12
15 42 12
15 43 9
15 44 10
15 45 10
15 46 266
16 17 9
16 18 129
16 19 20
16 20 11
16 21 11
16 22 15
16 23 138
16 24 33
16 25 7
16 26 7
16 27 9
16 28 10
16 29 11
16 30 81
16 31 18
16 32 257
16 33 10
16 34 7
16 35 10
16 36 136
16 37 93
16 38 11
16 39 13
16 40 9
16 41 15
16 42 205
16 43 11
16 44 12
16 45 11
16 46 11
17 18 13
17 19 10
17 20 9
17 21 16
17 22 40
17 23 10
17 24 9
17 25 10
17 26 164
17 27 236
17 28 93
17 29 9
17 30 11
17 31 12
17 32 10
17 33 530
17 34 9
17 35 92
17 36 11
17 37 10
17 38 60
17 39 11
17 40 504
17 41 10
17 42 10
17 43 14
17 44 10
17 45 361
17 46 27
18 19 297
18 20 19
18 21 7
18 22 10
18 23 14
18 24 12
18 25 9
18 26 10
18 27 10
18 28 10
18 29 23
18 30 10
18 31 173
18 32 471
18 33 10
18 34 12
18 35 9
18 36 12
18 37 11
18 38 10
18 39 11
18 40 9
18 41 98
18 42 22
18 43 7
18 44 12
18 45 9
18 46 9
19 20 69
19 21 7
19 22 9
19 23 10
19 24 11
19 25 10
19 26 11
19 27 10
19 28 8
19 29 41
19 30 9
19 31 466
19 32 145
19 33 11
19 34 8
19 35 10
19 36 10
19 37 11
19 38 8
19 39 12
19 40 10
19 41 293
19 42 9
19 43 9
19 44 8
19 45 10
19 46 8
20 21 8
20 22 9
20 23 7
20 24 13
20 25 10
20 26 7
20 27 7
20 28 9
20 29 413
20 30 7
20 31 116
20 32 12
20 33 7
20 35 10
20 36 7
20 37 8
20 38 8
20 39 93
20 40 7
20 41 188
20 42 7
20 43 7
20 44 9
20 45 10
20 46 7
21 22 331
21 23 9
21 24 11
21 25 10
21 26 36
21 27 30
21 28 107
21 29 24
21 30 12
21 31 10
21 32 9
21 33 20
21 34 11
21 35 133
21 36 12
21 37 9
21 38 194
21 39 120
21 40 10
21 41 10
21 42 10
21 43 7
21 44 10
21 45 21
21 46 535
22 23 9
22 24 12
22 25 11
22 26 207
22 27 150
22 28 365
22 29 11
22 30 11
22 31 10
22 32 9
22 33 84
22 34 8
22 35 400
22 36 10
22 37 10
22 38 570
22 39 21
22 40 16
22 41 12
22 42 11
22 43 11
22 44 11
22 45 102
22 46 569
23 24 125
23 25 11
23 26 10
23 27 9
23 28 12
23 29 10
23 30 383
23 31 10
23 32 31
23 33 10
23 34 12
23 35 11
23 36 645
23 37 454
23 38 11
23 39 12
23 40 10
23 41 10
23 42 359
23 43 10
23 44 11
23 45 12
23 46 8
24 25 10
24 26 9
24 27 12
24 28 8
24 29 7
24 30 209
24 31 8
24 32 11
24 33 7
24 34 10
24 35 10
24 36 110
24 37 173
24 38 10
24 39 7
24 40 9
24 41 9
24 42 86
24 43 9
24 44 16
24 45 9
24 46 9
25 26 8
25 27 10
25 28 8
25 29 8
25 30 11
25 31 8
25 32 8
25 33 7
25 34 288
25 35 7
25 36 7
25 37 10
25 38 7
25 39 10
25 40 7
25 42 10
25 43 50
25 44 291
25 45 8
25 46 7
26 27 587
26 28 512
26 29 11
26 30 10
26 31 11
26 32 11
26 33 280
26 34 8
26 35 429
26 36 10
26 37 9
26 38 298
26 39 12
26 40 86
26 41 10
26 42 10
26 43 9
26 44 7
26 45 408
26 46 114
27 28 337
27 29 9
27 30 11
27 31 11
27 32 10
27 33 381
27 34 9
27 35 305
27 36 11
27 37 9
27 38 223
27 39 10
27 40 122
27 41 8
27 42 11
27 43 9
27 44 9
27 45 585
27 46 85
28 29 12
28 30 12
28 31 10
28 32 10
28 33 160
28 34 11
28 35 687
28 36 9
28 37 11
28 38 526
28 39 12
28 40 42
28 41 9
28 42 11
28 43 10
28 44 9
28 45 235
28 46 216
29 30 11
29 31 59
29 32 10
29 33 7
29 34 7
29 35 8
29 36 10
29 37 10
29 38 8
29 39 209
29 40 10
29 41 99
29 42 10
29 43 7
29 44 10
29 45 7
29 46 10
30 31 9
30 32 21
30 33 9
30 34 7
30 35 10
30 36 367
30 37 536
30 38 12
30 39 10
30 40 10
30 41 9
30 42 235
30 43 7
30 44 10
30 45 10
30 46 11
31 32 69
31 33 10
31 34 11
31 35 7
31 36 7
31 37 9
31 38 7
31 39 13
31 40 10
31 41 477
31 42 7
31 43 7
31 44 11
31 45 9
31 46 7
32 33 11
32 34 9
32 35 11
32 36 31
32 37 26
32 38 10
32 39 11
32 40 9
32 41 50
32 42 56
32 43 9
32 44 12
32 45 10
32 46 9
33 34 10
33 35 155
33 36 9
33 37 12
33 38 116
33 39 10
33 40 327
33 41 9
33 42 10
33 43 12
33 44 9
33 45 561
33 46 43
34 35 7
34 36 8
34 37 7
34 38 7
34 39 7
34 40 7
34 42 9
34 43 72
34 44 142
34 45 7
34 46 7
35 36 10
35 37 9
35 38 583
35 39 11
35 40 43
35 41 10
35 42 11
35 43 12
35 44 10
35 45 230
35 46 262
36 37 436
36 38 10
36 39 11
36 40 11
36 41 10
36 42 346
36 43 11
36 44 12
36 45 9
36 46 10
37 38 10
37 39 10
37 40 10
37 41 10
37 42 282
37 43 7
37 44 10
37 45 10
37 46 10
38 39 13
38 40 27
38 41 10
38 42 11
38 43 8
38 44 9
38 45 173
38 46 372
39 40 11
39 41 17
39 42 13
39 43 10
39 44 10
39 45 9
39 46 52
40 41 9
40 42 10
40 43 27
40 44 11
40 45 173
40 46 10
41 42 9
41 43 7
41 44 8
41 45 11
42 43 9
42 44 9
42 45 11
42 46 11
43 44 26
43 45 10
43 46 11
44 45 7
44 46 11
45 46 61
